RECT: 400 305 140 80 1 0 0         // body
RECT: 345 360 30 30 1 0 0          // rt sleeve
RECT: 455 360 30 30 1 0 0          // lt sleeve
CIRCLE: 400 420 70 50 0.561 0.506 0.890   // head
RECT: 400 380 20 15 0.561 0.506 0.890     // neck
CIRCLE: 380 445 15 15 0 0 0        // hair
CIRCLE: 405 448 15 40 0 0 0        // hair
CIRCLE: 390 427 10 14 0.255 0.196 0.027   // eyes
CIRCLE: 410 427 10 14 0.255 0.196 0.027   // eyes

RECT: 500 360 25 60 0.561 0.506 0.890 // lt arm
RECT: 520 380 50 25 0.561 0.506 0.890 
RECT: 510 415 15 8 0.561 0.506 0.890 
RECT: 520 415 15 8 0.561 0.506 0.890 
RECT: 530 415 15 8 0.561 0.506 0.890 

RECT: 343 301 90 25 0.561 0.506 0.890 // rt arm
RECT: 353 246 15 8 0.561 0.506 0.890 
RECT: 343 246 15 8 0.561 0.506 0.890 
RECT: 333 246 15 8 0.561 0.506 0.890 

RECT: 400 220 40 80 0 0 1    // hips
RECT: 375 150 140 40 0 0 1   // legs
RECT: 425 150 140 40 0 0 1
CIRCLE: 350 80 20 80 0 0 0   // feet
CIRCLE: 450 80 20 80 0 0 0   // feet