RECT: 800 600 250 250 1.000 0.000 0.000
RECT: 720 540 230 230 0.941 0.078 0.039
RECT: 640 480 210 210 0.882 0.157 0.078
RECT: 560 420 190 190 0.824 0.235 0.118
RECT: 480 360 170 170 0.765 0.314 0.157
RECT: 400 300 150 150 0.706 0.392 0.196
RECT: 320 240 130 130 0.647 0.471 0.235
RECT: 240 180 110 110 0.588 0.549 0.275
RECT: 160 120 90 90 0.529 0.627 0.314
RECT: 80 60 70 70 0.471 0.706 0.353
RECT: 0 0 50 50 0.412 0.784 0.392

CIRCLE: 0 600 10 10 1.000 0.196 0.196
CIRCLE: 80 540 30 30 0.941 0.275 0.235
CIRCLE: 160 480 50 50 0.882 0.353 0.275
CIRCLE: 240 420 70 70 0.824 0.431 0.314
CIRCLE: 320 360 90 90 0.765 0.510 0.353
CIRCLE: 400 300 110 110 0.706 0.588 0.392
CIRCLE: 480 240 130 130 0.647 0.667 0.431
CIRCLE: 560 180 150 150 0.588 0.745 0.471
CIRCLE: 640 120 170 170 0.529 0.824 0.510
CIRCLE: 720 60 190 190 0.471 0.902 0.549
CIRCLE: 800 0 210 210 0.412 0.980 0.588
